MEMORY
  total           13759 KB
  struct            159 KB
  buffer            288 KB
  arena           13312 KB, used 0.2%

SIZES
  narena                13631488
  nbuffer               294688
  nplugin               0
  maxuse_stack          1376
  maxuse_arena          29656
  maxuse_con            1
  maxuse_efc            5
  ncon                  0
  ne                    0
  nf                    0
  nl                    0
  nefc                  0
  nJ                    0
  nA                    0
  nisland               0
  nidof                 0
  ntree_awake           1
  nbody_awake           10
  nparent_awake         9
  nv_awake              7
  threadpool            0

TIMER
    0:  duration =  0.066      number = 1
    1:  duration =  0.062      number = 1
    2:  duration =  0          number = 0
    3:  duration =  0.049      number = 1
    4:  duration =  0.0052     number = 1
    5:  duration =  0.0012     number = 1
    6:  duration =  0.00011    number = 1
    7:  duration =  0.0024     number = 1
    8:  duration =  0.0086     number = 1
    9:  duration =  0.0023     number = 1
    10:  duration =  0.034      number = 1
    11:  duration =  0.0034     number = 1
    12:  duration =  0.00025    number = 1
    13:  duration =  0.0098     number = 1
    14:  duration =  0.011      number = 1

ENERGY =   0         0       

TIME =  28      

QPOS
  -0.54    
  -0.28    
  -0.15    
  -1.8     
  -0.00028 
   2.2     
  -0.08    

QVEL
  -5.8e-31 
   1.2e-14 
  -6.3e-15 
   2e-14   
  -1.3e-17 
   5.5e-14 
   1.1e-15 

QACC_WARMSTART
   2.4e-44 
  -5.1e-46 
  -1.8e-44 
   4.5e-46 
  -1.6e-45 
   6.8e-47 
   3.7e-46 

CTRL
  -0.54    
  -0.28    
  -0.15    
  -1.8     
   0       
   2.2     
  -0.08    

QFRC_APPLIED
   0       
   0       
   0       
   0       
   0       
   0       
   0       

XFRC_APPLIED
   0         0         0         0         0         0       
   0         0         0         0         0         0       
   0         0         0         0         0         0       
   0         0         0         0         0         0       
   0         0         0         0         0         0       
   0         0         0         0         0         0       
   0         0         0         0         0         0       
   0         0         0         0         0         0       
   0         0         0         0         0         0       
   0         0         0         0         0         0       

QACC
   2.4e-44 
  -5.1e-46 
  -1.8e-44 
   4.5e-46 
  -1.6e-45 
   6.8e-47 
   3.7e-46 

SENSOR
  -1.1e-27 
   3.1e-28 
   1.6e+02 
  -3.1     
  -18      
   1.7e-29 
   31      
  -1.1e+02 
   3.1e-28 
  -3.1     
  -0.88    
  -18      
   29      
   4.3     
   1e+02   
   0.99    
  -27      
   0.88    
  -74      
   4.5     
  -3       
  -0.85    
  -0.48    
   20      
  -38      
   1.6     
   2.3     
  -0.032   
  -1.8     
   0.69    
   16      
   21      
  -1.1     
   0.21    
  -0.048   
   2.3     
   6.2     
   0.082   
  -8       
   0.016   
   0.67    
   0.019   
  -4.3     
  -4.5     
  -8       
  -0.017   
  -0.018   
   0.019   

TREE_ASLEEP
  -11

XPOS
   0         0         0       
   0         0         0       
   0         0         0.33    
   0         0         0.33    
  -0.075     0.045     0.64    
  -0.014    -0.0062    0.66    
   0.28     -0.25      0.76    
   0.28     -0.25      0.76    
   0.33     -0.29      0.82    
   0.38     -0.33      0.73    

XQUAT
   1         0         0         0       
   1         0         0         0       
   0.96      0         0        -0.27    
   0.65     -0.7       0.092    -0.28    
   0.93     -0.027    -0.14     -0.34    
   0.32      0.66      0.29     -0.62    
   0.69      0.24      0.64     -0.23    
   0.69      0.56     -0.45     -0.0092  
   0.1       0.9      -0.29      0.31    
   0.1       0.9      -0.29      0.31    

XMAT
   1         0         0         0         1         0         0         0         1       
   1         0         0         0         1         0         0         0         1       
   0.86      0.51      0        -0.51      0.86     -0        -0         0         1       
   0.82      0.24      0.51     -0.49     -0.14      0.86      0.27     -0.96      0       
   0.74      0.63     -0.24     -0.62      0.77      0.14      0.27      0.041     0.96    
   0.073     0.77     -0.63     -0.0066   -0.63     -0.77     -1         0.061    -0.041   
   0.073     0.63      0.77     -0.0069    0.77     -0.63     -1         0.041     0.061   
   0.6      -0.49     -0.63     -0.52      0.36     -0.77      0.61      0.79     -0.041   
   0.65     -0.58      0.49     -0.46     -0.81     -0.36      0.61      0.0081   -0.79    
   0.65     -0.58      0.49     -0.46     -0.81     -0.36      0.61      0.0081   -0.79    

XIPOS
   0         0         0       
  -0.041    -0.00014   0.05    
   0.0044   -0.00021   0.29    
  -0.0076    0.0086    0.36    
  -0.014     0.049     0.58    
   0.046    -0.093     0.72    
   0.27     -0.19      0.78    
   0.33     -0.28      0.79    
   0.37     -0.32      0.78    
   0.42     -0.36      0.67    

XIMAT
   1         0         0         0         1         0         0         0         1       
   0.13      0.0028    0.99      0.019    -1         0.00032   0.99      0.019    -0.13    
   0.52     -0.85     -0.022     0.85      0.53     -0.019     0.028    -0.0094    1       
   0.69     -0.45      0.57      0.54     -0.21     -0.81      0.48      0.87      0.1     
   0.58     -0.77      0.26      0.75      0.63      0.21     -0.33      0.078     0.94    
   0.051    -0.53     -0.84     -0.92     -0.36      0.17     -0.4       0.76     -0.51    
  -0.21      0.59      0.78     -0.14      0.77     -0.62     -0.97     -0.24     -0.085   
  -0.86      0.3       0.42     -0.51     -0.42     -0.75     -0.052    -0.86      0.51    
   0.64     -0.59      0.5      -0.3      -0.78     -0.54      0.71      0.19     -0.68    
   0.65     -0.58      0.49     -0.46     -0.81     -0.36      0.61      0.0081   -0.79    

XANCHOR
   0         0         0.33    
   0         0         0.33    
  -0.075     0.045     0.64    
  -0.014    -0.0062    0.66    
   0.28     -0.25      0.76    
   0.28     -0.25      0.76    
   0.33     -0.29      0.82    

XAXIS
   0         0         1       
   0.51      0.86      0       
  -0.24      0.14      0.96    
  -0.63     -0.77     -0.041   
   0.77     -0.63      0.061   
  -0.63     -0.77     -0.041   
   0.49     -0.36     -0.79    

GEOM_XPOS
   0         0         0       
  -0.024     0.069     0.037   
  -0.025     0.073     0.037   
  -0.024    -0.065     0.063   
  -0.025    -0.073     0.063   
  -0.065    -0.066     0.048   
  -0.06      0.058     0.037   
   0.011    -0.072     0.046   
  -0.03     -3.4e-05   0.053   
  -0.025    -0.073     0.033   
  -0.024    -0.065     0.033   
   0.011     0.072     0.046   
  -0.029    -0.00088   0.057   
  -0.017    -0.028     0.27    
  -0.016    -0.027     0.26    
   0.00039   0.037     0.4     
  -0.00056   0.037     0.4     
  -0.02      0.033     0.61    
  -0.063     0.021     0.63    
  -0.025    -0.0079    0.59    
   0.034     0.058     0.66    
  -0.017     0.031     0.61    
   0.039    -0.036     0.69    
  -0.002    -0.049     0.7     
  -0.061    -0.07      0.66    
  -0.002    -0.0045    0.72    
  -0.0015   -0.05      0.7     
   0.31     -0.15      0.77    
   0.26     -0.098     0.77    
   0.22     -0.14      0.76    
   0.13     -0.1       0.75    
   0.23     -0.11      0.76    
   0.32     -0.19      0.77    
   0.3      -0.26      0.77    
   0.24     -0.29      0.76    
   0.31     -0.28      0.88    
   0.3      -0.26      0.88    
   0.3      -0.27      0.89    
   0.28     -0.27      0.88    
   0.28     -0.26      0.88    
   0.27     -0.25      0.87    
   0.31     -0.28      0.89    
   0.24     -0.29      0.76    
   0.29     -0.27      0.88    
   0.29     -0.27      0.88    
   0.31     -0.25      0.88    
   0.28     -0.29      0.88    
   0.25     -0.29      0.77    
   0.29     -0.27      0.88    
   0.3      -0.28      0.8     
   0.3      -0.28      0.8     
   0.37     -0.38      0.78    
   0.4      -0.37      0.79    
   0.37     -0.29      0.73    
   0.37     -0.28      0.73    
   0.37     -0.28      0.73    
   0.34     -0.38      0.76    
   0.37     -0.37      0.79    
   0.37     -0.32      0.76    
   0.37     -0.34      0.76    
   0.42     -0.36      0.68    
   0.42     -0.36      0.68    

GEOM_XMAT
   1         0         0         0         1         0         0         0         1       
  -0.16     -0.99      0         0.99     -0.16      0         0         0         1       
   1         0         0         0         1         0         0         0         1       
   0.99      0        -0.17     -0.17      0        -0.99      0         1         0       
   1         0         0         0         1         0         0         0         1       
   0.16     -0.99      0         0.99      0.16      0         0         0         1       
   0        -1         0         1         0         0         0         0         1       
   0.16     -0.98     -0.12      0.99      0.16      0.022    -0.0026   -0.12      0.99    
  -0.42      0.0024    0.91     -0.0015   -1         0.0019    0.91     -0.00057   0.42    
   1         0         0         0         1         0         0         0         1       
   0.99      0        -0.15     -0.15      0        -0.99      0         1         0       
  -0.16     -0.98     -0.12      0.99     -0.16     -0.022     0.0025   -0.12      0.99    
  -0.36      0.0082    0.93      0.022    -1         0.017     0.93      0.027     0.36    
   0.86      0.48     -0.19     -0.51      0.8      -0.32     -0.00014   0.37      0.93    
   0.86      0.48     -0.18     -0.51      0.81     -0.29      0.00032   0.34      0.94    
   0.82      0.39     -0.41     -0.49      0.85     -0.19      0.28      0.36      0.89    
   0.82      0.4      -0.4      -0.49      0.85     -0.16      0.28      0.33      0.9     
  -0.58     -0.55      0.59      0.68     -0.73     -0.019     0.45      0.39      0.8     
  -0.51     -0.77     -0.37     -0.26      0.55     -0.8       0.82     -0.32     -0.48    
  -0.071    -0.97     -0.24      0.99     -0.11      0.13     -0.15     -0.22      0.96    
   0.59     -0.64      0.49      0.8       0.49     -0.33     -0.028     0.59      0.81    
  -0.52     -0.63      0.58      0.76     -0.65     -0.022     0.39      0.43      0.82    
  -0.51      0.39     -0.77     -0.54      0.55      0.64      0.67      0.74     -0.066   
   0.7      -0.16     -0.69     -0.12     -0.99      0.1      -0.7       0.015    -0.71    
  -0.59     -0.65     -0.47     -0.8       0.5       0.32      0.027     0.57     -0.82    
   0.36      0.011    -0.93     -0.93      0.04     -0.36      0.033     1         0.025   
   0.7      -0.14     -0.7      -0.079    -0.99      0.12     -0.71     -0.03     -0.71    
   0.59     -0.069     0.8       0.8       0.0084   -0.59      0.034     1         0.06    
   0.073     0.63      0.77     -0.0069    0.77     -0.63     -1         0.041     0.061   
   0.073     0.4       0.92     -0.0068    0.92     -0.4      -1         0.023     0.07    
   0.22     -0.052    -0.97     -0.95      0.2      -0.23      0.21      0.98     -0.0052  
   0.42     -0.067     0.9       0.91      0.0086   -0.42      0.021     1         0.064   
   0.08      0.95     -0.29     -0.0061   -0.29     -0.96     -1         0.079    -0.017   
  -0.67      0.13      0.73     -0.74     -0.067    -0.67     -0.039    -0.99      0.14    
  -0.63     -0.6       0.49     -0.77      0.52     -0.36     -0.041    -0.61     -0.79    
  -0.35     -0.73      0.59      0.23     -0.68     -0.7       0.91     -0.11      0.41    
   0.6      -0.49     -0.63     -0.52      0.36     -0.77      0.61      0.79     -0.041   
   0.6      -0.49     -0.63     -0.52      0.36     -0.77      0.61      0.79     -0.041   
   0.6      -0.49     -0.63     -0.52      0.36     -0.77      0.61      0.79     -0.041   
   0.6      -0.49     -0.63     -0.52      0.36     -0.77      0.61      0.79     -0.041   
   0.6      -0.49     -0.63     -0.52      0.36     -0.77      0.61      0.79     -0.041   
   0.6      -0.49     -0.63     -0.52      0.36     -0.77      0.61      0.79     -0.041   
  -0.63      0.49      0.6      -0.77     -0.36     -0.52     -0.041    -0.79      0.61    
  -0.35     -0.61      0.71      0.24     -0.79     -0.56      0.9      -0.028     0.43    
   0.6      -0.49     -0.63     -0.52      0.36     -0.77      0.61      0.79     -0.041   
   0.6      -0.49     -0.63     -0.52      0.36     -0.77      0.61      0.79     -0.041   
   0.6      -0.49     -0.63     -0.52      0.36     -0.77      0.61      0.79     -0.041   
  -0.69      0.5       0.53     -0.72     -0.37     -0.59     -0.1      -0.78      0.61    
  -0.35     -0.65      0.67      0.24     -0.76     -0.61      0.9      -0.052     0.42    
  -0.48      0.46      0.75     -0.86     -0.4      -0.31      0.15     -0.8       0.59    
  -0.54      0.57      0.61     -0.84     -0.42     -0.35      0.052    -0.71      0.71    
   0.47     -0.16      0.87     -0.16      0.95      0.27     -0.87     -0.27      0.42    
   0.87      0.49     -0.087     0.18     -0.14      0.97      0.46     -0.86     -0.21    
   0.87      0.49     -0.045     0.25     -0.36      0.9       0.43     -0.79     -0.44    
   0.65     -0.58      0.49     -0.46     -0.81     -0.36      0.61      0.0081   -0.79    
   0.65     -0.58      0.49     -0.46     -0.81     -0.36      0.61      0.0081   -0.79    
  -0.86      0.45      0.23     -0.33     -0.15     -0.93     -0.39     -0.88      0.28    
   0.46     -0.18      0.87     -0.099     0.96      0.25     -0.88     -0.2       0.43    
   0.5       0.58      0.65     -0.36      0.82     -0.45     -0.79     -0.0071    0.61    
   0.49     -0.87     -0.071    -0.31     -0.25      0.92     -0.81     -0.43     -0.4     
  -0.58     -0.65      0.49     -0.81      0.46     -0.36      0.0093   -0.61     -0.79    
  -0.58     -0.65      0.49     -0.81      0.46     -0.36      0.0093   -0.61     -0.79    

SITE_XPOS
   0         0         0.33    
   0         0         0.33    
  -0.075     0.045     0.64    
  -0.014    -0.0062    0.66    
   0.28     -0.25      0.76    
   0.28     -0.25      0.76    
   0.33     -0.29      0.82    
   0.38     -0.33      0.73    

SITE_XMAT
   0.86      0.51      0        -0.51      0.86     -0        -0         0         1       
   0.82      0.24      0.51     -0.49     -0.14      0.86      0.27     -0.96      0       
   0.74      0.63     -0.24     -0.62      0.77      0.14      0.27      0.041     0.96    
   0.073     0.77     -0.63     -0.0066   -0.63     -0.77     -1         0.061    -0.041   
   0.073     0.63      0.77     -0.0069    0.77     -0.63     -1         0.041     0.061   
   0.6      -0.49     -0.63     -0.52      0.36     -0.77      0.61      0.79     -0.041   
   0.65     -0.58      0.49     -0.46     -0.81     -0.36      0.61      0.0081   -0.79    
  -0.87     -0.045     0.49     -0.25      0.9      -0.36     -0.43     -0.44     -0.79    

LIGHT_XPOS
   0.06     -0.078     1.9     
   0         0         1.5     

LIGHT_XDIR
   0         0        -1       
   0         0        -1       

SUBTREE_COM
   0.082    -0.071     0.54    
   0.082    -0.071     0.54    
   0.086    -0.074     0.56    
   0.12     -0.11      0.68    
   0.13     -0.11      0.7     
   0.19     -0.18      0.75    
   0.32     -0.26      0.77    
   0.35     -0.3       0.77    
   0.38     -0.33      0.75    
   0.42     -0.36      0.67    

CDOF
   0         0         1         0.071     0.082    -0       
   0.51      0.86      0         0.18     -0.11     -0.11    
  -0.24      0.14      0.96      0.098     0.13      0.0053  
  -0.63     -0.77     -0.041     0.09     -0.079     0.11    
   0.77     -0.63      0.061     0.13      0.16      0.013   
  -0.63     -0.77     -0.041     0.18     -0.13     -0.26    
   0.49     -0.36     -0.79      0.28      0.33      0.021   

CINERT
   0         0         0         0         0         0         0         0         0         0       
   0.16      0.16      0.017     0.0055   -0.038     0.022    -0.077     0.045    -0.31      0.63    
   1.1       1.1       0.064     0.029    -0.082     0.1      -0.38      0.35     -1.3       5       
   0.046     0.038     0.038     0.018    -0.011     0.012    -0.058     0.052    -0.12      0.65    
   0.091     0.075     0.082     0.035     0.0029   -0.024    -0.31      0.39      0.14      3.2     
   0.13      0.15      0.031    -0.00056   0.015     0.018    -0.13     -0.078     0.64      3.6     
   0.1       0.13      0.099     0.039    -0.052     0.035     0.23     -0.15      0.29      1.2     
   0.18      0.21      0.17      0.085    -0.1       0.087     0.41     -0.34      0.42      1.7     
   0.096     0.11      0.11      0.053    -0.047     0.04      0.21     -0.18      0.17      0.74    
   0.03      0.04      0.06      0.03     -0.013     0.011     0.1      -0.087     0.04      0.3     

ACTUATOR_LENGTH
  -0.54    
  -0.28    
  -0.15    
  -1.8     
  -0.00028 
   2.2     
  -0.08    

actuator_moment
---------
 x       |
  x      |
   x     |
    x    |
     x   |
      x  |
       x |
---------

ACTUATOR_MOMENT
     0:  1       
     1:  1       
     2:  1       
     3:  1       
     4:  1       
     5:  1       
     6:  1       

CRB
   0         0         0         0         0         0         0         0         0         0       
   1.9       2         0.68      0.29     -0.33      0.3       9.7e-17   9.7e-17  -9.4e-16   17      
   1.7       1.8       0.66      0.29     -0.29      0.28      0.077    -0.045     0.31      16      
   0.68      0.76      0.6       0.26     -0.21      0.18      0.46     -0.4       1.6       11      
   0.63      0.72      0.56      0.24     -0.2       0.17      0.52     -0.45      1.7       11      
   0.54      0.64      0.48      0.21     -0.2       0.19      0.83     -0.84      1.6       7.5     
   0.41      0.49      0.45      0.21     -0.22      0.17      0.95     -0.76      0.92      3.9     
   0.31      0.36      0.35      0.17     -0.16      0.14      0.72     -0.61      0.63      2.7     
   0.13      0.15      0.17      0.083    -0.06      0.052     0.31     -0.27      0.21      1       
   0.03      0.04      0.06      0.03     -0.013     0.011     0.1      -0.087     0.04      0.3     

QM
   0.97    
   0.14      2.5     
   1         0.1       1.4     
  -0.044    -1.1      -0.0042    1       
   0.0024   -0.031    -0.0065    0.025     0.13    
  -0.0056   -0.14      0.00038   0.14     -0.00058   0.14    
  -0.0082    0.0004   -0.0093    0.00014   0.0017   -0.00041   0.1     

M
     0:  0.97    
     0:  0.14       1:  2.5     
     0:  1          1:  0.1        2:  1.4     
     0: -0.044      1: -1.1        2: -0.0042     3:  1       
     0:  0.0024     1: -0.031      2: -0.0065     3:  0.025      4:  0.13    
     0: -0.0056     1: -0.14       2:  0.00038    3:  0.14       4: -0.00058    5:  0.14    
     0: -0.0082     1:  0.0004     2: -0.0093     3:  0.00014    4:  0.0017     5: -0.00041    6:  0.1     

QLD
     0:  0.23    
     0:  0.021      1:  1.3     
     0:  0.72       1:  0.069      2:  1.4     
     0: -0.044      1: -1.1        2: -0.0037     3:  0.88    
     0:  0.02       1: -0.25       2: -0.05       3:  0.2        4:  0.13    
     0: -0.039      1: -0.97       2:  0.0024     3:  0.94       4: -0.004      5:  0.14    
     0: -0.078      1:  0.0039     2: -0.089      3:  0.0013     4:  0.016      5: -0.0039     6:  0.1     

QLDIAGINV
   4.3     
   0.8     
   0.7     
   1.1     
   7.9     
   6.9     
   9.5     

QH
     0:  0.32    
     0:  0.023      1:  1.4     
     0:  0.69       1:  0.067      2:  1.5     
     0: -0.041      1: -1          2: -0.0036     3:  0.96    
     0:  0.016      1: -0.2        2: -0.041      3:  0.16       4:  0.16    
     0: -0.032      1: -0.8        2:  0.002      3:  0.77       4: -0.0033     5:  0.17    
     0: -0.061      1:  0.003      2: -0.069      3:  0.001      4:  0.013      5: -0.0031     6:  0.13    

QHDIAGINV
   3.1     
   0.73    
   0.67    
   1       
   6.4     
   5.7     
   7.4     

TREE_AWAKE
  1

BODY_AWAKE
  -1 -1 1 1 1 1 1 1 1 1

BODY_AWAKE_IND
  0 1 2 3 4 5 6 7 8 9

PARENT_AWAKE_IND
  1 2 3 4 5 6 7 8 9

DOF_AWAKE_IND
  0 1 2 3 4 5 6

QDERIV
     0: -30         1:  0          2:  0          3:  0          4:  0          5:  0          6:  0       
     0:  0          1: -30         2:  0          3:  0          4:  0          5:  0          6:  0       
     0:  0          1:  0          2: -30         3:  0          4:  0          5:  0          6:  0       
     0:  0          1:  0          2:  0          3: -30         4:  0          5:  0          6:  0       
     0:  0          1:  0          2:  0          3:  0          4: -15         5:  0          6:  0       
     0:  0          1:  0          2:  0          3:  0          4:  0          5: -15         6:  0       
     0:  0          1:  0          2:  0          3:  0          4:  0          5:  0          6: -15      

ACTUATOR_VELOCITY
  -5.8e-31 
   1.2e-14 
  -6.3e-15 
   2e-14   
  -1.3e-17 
   5.5e-14 
   1.1e-15 

CVEL
   0         0         0         0         0         0       
   0         0         0         0         0         0       
   0         0        -5.8e-31  -4.1e-32  -4.7e-32   0       
   6.1e-15   1e-14    -5.8e-31   2.1e-15  -1.3e-15  -1.3e-15 
   7.5e-15   9.2e-15  -6e-15     1.5e-15  -2.1e-15  -1.3e-15 
  -4.8e-15  -5.9e-15  -6.8e-15   3.2e-15  -3.6e-15   9.6e-16 
  -4.9e-15  -5.9e-15  -6.8e-15   3.2e-15  -3.6e-15   9.6e-16 
  -3.9e-14  -4.8e-14  -9.1e-15   1.3e-14  -1.1e-14  -1.3e-14 
  -3.9e-14  -4.9e-14  -9.9e-15   1.3e-14  -1.1e-14  -1.3e-14 
  -3.9e-14  -4.9e-14  -9.9e-15   1.3e-14  -1.1e-14  -1.3e-14 

CDOF_DOT
   0         0         0         0         0         0       
   5e-31    -3e-31     0        -6.2e-32  -1e-31    -1.1e-32 
   9.7e-15  -5.8e-15   3.2e-15  -9.8e-16  -1.7e-15  -2.2e-16 
  -5e-15     4.1e-15  -7.4e-18  -3.3e-16  -5.3e-16  -3.9e-15 
  -4.7e-15  -5e-15     7.7e-15   1.4e-15  -2.9e-16   7.3e-16 
  -5e-15     4.1e-15   5e-18     1.5e-15  -3e-15    -3.1e-15 
   3.5e-14  -3.6e-14   3.8e-14   5.8e-15   2.1e-15   8.9e-16 

QFRC_BIAS
   1.7e-29 
  -18      
   0.88    
   20      
   0.69    
   2.3     
   0.019   

QFRC_SPRING
   0       
   0       
   0       
   0       
   0       
   0       
   0       

QFRC_DAMPER
   1.7e-29 
  -3.5e-13 
   1.9e-13 
  -5.9e-13 
   1.9e-16 
  -8.2e-13 
  -1.7e-14 

QFRC_GRAVCOMP
   0       
   0       
   0       
   0       
   0       
   0       
   0       

QFRC_FLUID
   0       
   0       
   0       
   0       
   0       
   0       
   0       

QFRC_PASSIVE
   1.7e-29 
  -3.5e-13 
   1.9e-13 
  -5.9e-13 
   1.9e-16 
  -8.2e-13 
  -1.7e-14 

SUBTREE_LINVEL
   0         0         0       
   0         0         0       
   0         0         0       
   0         0         0       
   0         0         0       
   0         0         0       
   0         0         0       
   0         0         0       
   0         0         0       
   0         0         0       

SUBTREE_ANGMOM
   0         0         0       
   0         0         0       
   0         0         0       
   0         0         0       
   0         0         0       
   0         0         0       
   0         0         0       
   0         0         0       
   0         0         0       
   0         0         0       

ACTUATOR_FORCE
   0       
  -18      
   0.88    
   20      
   0.69    
   2.3     
   0.019   

QFRC_ACTUATOR
   0       
  -18      
   0.88    
   20      
   0.69    
   2.3     
   0.019   

QFRC_SMOOTH
   5.6e-45 
   0       
   0       
   0       
   0       
   0       
   0       

QACC_SMOOTH
   2.4e-44 
  -5.1e-46 
  -1.8e-44 
   4.5e-46 
  -1.6e-45 
   6.8e-47 
   3.7e-46 

QFRC_CONSTRAINT
   0       
   0       
   0       
   0       
   0       
   0       
   0       

QFRC_INVERSE
   0       
   0       
   0       
   0       
   0       
   0       
   0       

CACC
   0         0         0        -0        -0         9.8     
   0         0         0         0         0         9.8     
   0         0         2.4e-44   1.7e-45   2e-45     9.8     
   5.6e-45  -4e-45     2.4e-44   9.2e-46   8.3e-46   9.8     
  -6.1e-29   3.6e-29  -2e-29     6.1e-30   1.1e-29   9.8     
  -1.6e-28   1.2e-28  -2e-29    -4e-31     6e-31     9.8     
  -1.6e-28   1.2e-28  -2.1e-29  -4.2e-31   6e-31     9.8     
  -4.3e-28   3.4e-28  -2e-29     8.4e-29  -1.6e-28   9.8     
  -4e-28     3e-28     2.2e-29   9e-29    -1.6e-28   9.8     
  -4e-28     3e-28     2.2e-29   9e-29    -1.6e-28   9.8     

CFRC_INT
   2.2e-16  -1.1e-15   5.8e-30  -7.8e-28   8.2e-28   1.7e+02 
   2.2e-16  -1.1e-15   5.8e-30  -7.8e-28   8.2e-28   1.7e+02 
  -0.44     -0.76      5.8e-30  -7.8e-28   8.2e-28   1.6e+02 
  -3.9      -4.5       5.8e-30  -7.8e-28   8.2e-28   1.1e+02 
  -4.4      -5.1       7.2e-30  -7.8e-28   8.2e-28   1.1e+02 
  -8.2      -8.1       7.4e-30  -7.9e-28   8.3e-28   74      
  -7.5      -9.4       8e-30    -7.8e-28   7.6e-28   39      
  -6        -7.1       2.4e-30  -7.6e-28   7.1e-28   27      
  -2.6      -3.1      -1.7e-29  -4.7e-28   3.7e-28   10      
  -0.85     -1        -1.4e-29  -1.9e-28   1.2e-28   2.9     

CFRC_EXT
   0         0         0         0         0         0       
   0         0         0         0         0         0       
   0         0         0         0         0         0       
   0         0         0         0         0         0       
   0         0         0         0         0         0       
   0         0         0         0         0         0       
   0         0         0         0         0         0       
   0         0         0         0         0         0       
   0         0         0         0         0         0       
   0         0         0         0         0         0       

